"urlid"	"1"	"2"	"3"	"4"	"5"	"6"	"7"	"8"	"9"	"10"	"11"	"12"	"label"
1	0.396640826873385	0.0710594315245478	0.117571059431525	0.0478036175710594	0.0400516795865633	0.0400516795865633	0.0555555555555556	0.0555555555555556	0.0555555555555556	0.0322997416020672	0.0478036175710594	0.0400516795865633	0.87996428108698
2	0.0800865800865801	0.0670995670995671	0.0541125541125541	0.0670995670995671	0.0670995670995671	0.0541125541125541	0.248917748917749	0.106060606060606	0.0670995670995671	0.0670995670995671	0.0670995670995671	0.0541125541125541	0.24242530025377
5	0.0155797101449275	0.506884057971014	0.202536231884058	0.0264492753623188	0.0155797101449275	0.0177536231884058	0.0460144927536232	0.0134057971014493	0.0264492753623188	0.0199275362318841	0.0851449275362319	0.0242753623188406	0.920942160698743
6	0.0555555555555556	0.0555555555555556	0.0555555555555556	0.0555555555555556	0.135555555555556	0.0822222222222222	0.0555555555555556	0.148888888888889	0.0822222222222222	0.0555555555555556	0.162222222222222	0.0555555555555556	0.550637415070935
7	0.0846994535519126	0.0683060109289618	0.0683060109289618	0.101092896174863	0.0683060109289618	0.101092896174863	0.0683060109289618	0.101092896174863	0.0846994535519126	0.117486338797814	0.0683060109289618	0.0683060109289618	0.213336380878735
8	0.0683060109289618	0.0683060109289618	0.0683060109289618	0.0683060109289618	0.0683060109289618	0.0846994535519126	0.0683060109289618	0.166666666666667	0.0683060109289618	0.0683060109289618	0.133879781420765	0.0683060109289618	0.368436324505738
10	0.0786163522012579	0.0786163522012579	0.0786163522012579	0.0786163522012579	0.0786163522012579	0.0786163522012579	0.116352201257862	0.0974842767295598	0.0786163522012579	0.0786163522012579	0.0786163522012579	0.0786163522012579	0.300205806607794
11	0.0161498708010336	0.0277777777777778	0.0316537467700258	0.310723514211886	0.0239018087855297	0.244832041343669	0.0161498708010336	0.039405684754522	0.0277777777777778	0.0355297157622739	0.1828165374677	0.04328165374677	0.20165163811475
12	0.0320910973084886	0.0507246376811594	0.025879917184265	0.112836438923395	0.0383022774327122	0.0942028985507246	0.0693581780538302	0.0942028985507246	0.112836438923395	0.218426501035197	0.0445134575569358	0.106625258799172	0.270988674196532
13	0.244517543859649	0.0537280701754386	0.178728070175439	0.0668859649122807	0.0274122807017544	0.0274122807017544	0.0405701754385965	0.0537280701754386	0.0471491228070175	0.0274122807017544	0.205043859649123	0.0274122807017544	0.697466628943878
14	0.0549645390070922	0.0443262411347518	0.0443262411347518	0.0443262411347518	0.0549645390070922	0.0868794326241135	0.24645390070922	0.0549645390070922	0.0443262411347518	0.235815602836879	0.0443262411347518	0.0443262411347518	0.216346551867264
15	0.0251282051282051	0.0158974358974359	0.0282051282051282	0.357435897435897	0.0928205128205128	0.0128205128205128	0.0220512820512821	0.0282051282051282	0.0466666666666667	0.163589743589744	0.151282051282051	0.0558974358974359	0.411131631354659
16	0.0368122977346278	0.031957928802589	0.0246763754045307	0.0416666666666667	0.0198220064724919	0.0198220064724919	0.0368122977346278	0.0538025889967638	0.116909385113269	0.160598705501618	0.148462783171521	0.308656957928803	0.51274959412534
17	0.48621103117506	0.0149880095923261	0.273980815347722	0.0149880095923261	0.0149880095923261	0.025779376498801	0.0149880095923261	0.0221822541966427	0.0401678657074341	0.0185851318944844	0.0329736211031175	0.0401678657074341	0.900290450297396
18	0.106060606060606	0.0541125541125541	0.0541125541125541	0.0541125541125541	0.0800865800865801	0.0670995670995671	0.0800865800865801	0.106060606060606	0.0541125541125541	0.0930735930735931	0.0930735930735931	0.158008658008658	0.167432004069647
19	0.420271416454623	0.0614927905004241	0.211620016963528	0.041136556403732	0.0156912637828668	0.0233248515691264	0.0309584393553859	0.036047497879559	0.0284139100932994	0.0207803223070399	0.0843935538592027	0.0258693808312129	0.880171513159893
20	0.261154855643045	0.0721784776902887	0.198162729658793	0.0328083989501312	0.0406824146981627	0.0564304461942257	0.0564304461942257	0.0485564304461942	0.119422572178478	0.0485564304461942	0.0328083989501312	0.0328083989501312	0.886690286016808
22	0.0487421383647799	0.0393081761006289	0.0393081761006289	0.227987421383648	0.0393081761006289	0.133647798742138	0.0676100628930818	0.0864779874213837	0.0581761006289308	0.15251572327044	0.0487421383647799	0.0581761006289308	0.220058239292695
23	0.0467756584922797	0.270208900999092	0.0495004541326067	0.0522252497729337	0.0386012715712988	0.0249772933696639	0.0386012715712988	0.0249772933696639	0.381925522252498	0.016802906448683	0.022252497729337	0.0331516802906449	0.784073046070172
24	0.0122723673792557	0.0146476642913698	0.0288994457640538	0.0906571654790182	0.579968329374505	0.0217735550277118	0.0312747426761679	0.0193982581155978	0.0384006334125099	0.104908946951702	0.0336500395882819	0.0241488519398258	0.428613076969811
25	0.0730994152046784	0.0906432748538012	0.0730994152046784	0.0906432748538012	0.0730994152046784	0.0730994152046784	0.125730994152047	0.0730994152046784	0.0730994152046784	0.0730994152046784	0.0906432748538012	0.0906432748538012	0.391207257023901
26	0.0510887772194305	0.156616415410385	0.0812395309882747	0.0309882747068677	0.0661641541038526	0.0661641541038526	0.025963149078727	0.0460636515912898	0.392797319932998	0.0360134003350084	0.0209380234505863	0.025963149078727	0.769115732434303
27	0.0493612078977933	0.0528455284552846	0.0180023228803717	0.139953542392567	0.0319396051103368	0.0667828106852497	0.0493612078977933	0.0423925667828107	0.0528455284552846	0.139953542392567	0.289779326364692	0.0667828106852497	0.318616897908267
28	0.0186304128902316	0.0216515609264854	0.0216515609264854	0.411379657603223	0.278449144008056	0.0337361530715005	0.027693856998993	0.0156092648539778	0.027693856998993	0.0881168177240685	0.0367573011077543	0.0186304128902316	0.191826934972539
29	0.0642361111111111	0.0434027777777778	0.0642361111111111	0.0746527777777778	0.366319444444444	0.0434027777777778	0.0434027777777778	0.0642361111111111	0.0746527777777778	0.0746527777777778	0.0434027777777778	0.0434027777777778	0.316454001979309
31	0.0477430555555556	0.0217013888888889	0.0321180555555556	0.105034722222222	0.0217013888888889	0.0425347222222222	0.0685763888888889	0.0581597222222222	0.0269097222222222	0.0998263888888889	0.0789930555555556	0.396701388888889	0.188901967182308
32	0.0402650356778797	0.211518858307849	0.462283384301733	0.0341488277268094	0.0249745158002039	0.0219164118246687	0.0188583078491335	0.028032619775739	0.0341488277268094	0.0219164118246687	0.0800203873598369	0.0219164118246687	0.927007040002543
36	0.0406824146981627	0.0485564304461942	0.0485564304461942	0.0406824146981627	0.0328083989501312	0.0406824146981627	0.0328083989501312	0.0879265091863517	0.0485564304461942	0.0721784776902887	0.0406824146981627	0.465879265091864	0.242898198953092
38	0.0264663805436338	0.0221745350500715	0.0264663805436338	0.567238912732475	0.0221745350500715	0.0565092989985694	0.0479256080114449	0.0522174535050072	0.0221745350500715	0.0522174535050072	0.0479256080114449	0.0565092989985694	0.3365639826546
39	0.0298611111111111	0.467361111111111	0.109027777777778	0.0173611111111111	0.0215277777777778	0.0256944444444444	0.0381944444444444	0.0173611111111111	0.213194444444444	0.0173611111111111	0.0215277777777778	0.0215277777777778	0.938598823023701
40	0.011924570160843	0.011924570160843	0.033555185801442	0.442872989462008	0.055185801442041	0.148363838047698	0.0268996117581808	0.0102606766500277	0.0135884636716583	0.179977814753189	0.0518580144204104	0.0135884636716583	0.245351944367422
41	0.0234848484848485	0.0234848484848485	0.0189393939393939	0.132575757575758	0.382575757575758	0.0371212121212121	0.0734848484848485	0.0325757575757576	0.146212121212121	0.0871212121212121	0.0234848484848485	0.0189393939393939	0.251805642582518
42	0.0543859649122807	0.043859649122807	0.0649122807017544	0.043859649122807	0.0543859649122807	0.128070175438597	0.180701754385965	0.191228070175439	0.043859649122807	0.0754385964912281	0.0649122807017544	0.0543859649122807	0.378773018554826
44	0.340330788804071	0.19529262086514	0.061704834605598	0.02735368956743	0.0159033078880407	0.0197201017811705	0.02735368956743	0.0197201017811705	0.122773536895674	0.0388040712468193	0.0998727735368957	0.0311704834605598	0.777926998982112
45	0.0576770087509944	0.456245027844073	0.134049323786794	0.0576770087509944	0.0147175815433572	0.0266507557677009	0.0290373906125696	0.0171042163882259	0.0505171042163882	0.0218774860779634	0.0910898965791567	0.043357199681782	0.923259242709323
46	0.0185851318944844	0.025779376498801	0.0185851318944844	0.0761390887290168	0.579736211031175	0.0401678657074341	0.0689448441247002	0.0293764988009592	0.0545563549160671	0.0437649880095923	0.0293764988009592	0.0149880095923261	0.532025189534491
47	0.033179012345679	0.0192901234567901	0.0239197530864198	0.0563271604938272	0.0285493827160494	0.0933641975308642	0.0748456790123457	0.0239197530864198	0.0424382716049383	0.468364197530864	0.102623456790123	0.033179012345679	0.182367002712908
48	0.0875706214689266	0.0875706214689266	0.0706214689265537	0.0706214689265537	0.0875706214689266	0.104519774011299	0.0706214689265537	0.0875706214689266	0.0875706214689266	0.0706214689265537	0.0875706214689266	0.0875706214689266	0.685837459955535
53	0.0846994535519126	0.0683060109289618	0.0846994535519126	0.0846994535519126	0.0683060109289618	0.0683060109289618	0.0683060109289618	0.101092896174863	0.0683060109289618	0.0683060109289618	0.117486338797814	0.117486338797814	0.591382538476112
56	0.125225225225225	0.0765765765765766	0.433333333333333	0.0279279279279279	0.0387387387387387	0.054954954954955	0.0225225225225225	0.0225225225225225	0.0495495495495496	0.0225225225225225	0.0765765765765766	0.0495495495495496	0.903399601039175
57	0.108187134502924	0.0730994152046784	0.0730994152046784	0.0730994152046784	0.0730994152046784	0.0730994152046784	0.0906432748538012	0.108187134502924	0.0730994152046784	0.0906432748538012	0.0730994152046784	0.0906432748538012	0.324445827396747
58	0.0139202407825433	0.0568096313017306	0.0184349134687735	0.0884123401053424	0.0387509405568096	0.196764484574868	0.0387509405568096	0.0116629044394281	0.0297215951843491	0.350263355906697	0.14033107599699	0.0161775771256584	0.169951122374847
60	0.0508130081300813	0.0508130081300813	0.0630081300813008	0.0995934959349594	0.0508130081300813	0.0873983739837398	0.306910569105691	0.0752032520325203	0.0508130081300813	0.0508130081300813	0.0630081300813008	0.0508130081300813	0.210305744780985
61	0.368295019157088	0.0119731800766284	0.109674329501916	0.0809386973180077	0.0234674329501916	0.0981800766283525	0.01772030651341	0.0148467432950192	0.0292145593869732	0.0292145593869732	0.204501915708812	0.0119731800766284	0.784579369619955
62	0.0303672316384181	0.0218926553672316	0.0346045197740113	0.271892655367232	0.0727401129943503	0.0600282485875706	0.0727401129943503	0.0346045197740113	0.0218926553672316	0.110875706214689	0.242231638418079	0.0261299435028249	0.219279681360368
66	0.257575757575758	0.174931129476584	0.034435261707989	0.0426997245179063	0.0509641873278237	0.117079889807163	0.0426997245179063	0.0426997245179063	0.0426997245179063	0.0426997245179063	0.059228650137741	0.0922865013774105	0.789105620763266
67	0.0510416666666667	0.0322916666666667	0.0572916666666667	0.0260416666666667	0.0260416666666667	0.0385416666666667	0.101041666666667	0.0260416666666667	0.0322916666666667	0.132291666666667	0.0260416666666667	0.451041666666667	0.289230303746612
68	0.0213757634201221	0.0233044037287046	0.601896496303439	0.0358405657344905	0.0213757634201221	0.0117325618772099	0.0040180006428801	0.007875281260045	0.0560912889746062	0.0126968820315011	0.192060430729669	0.0117325618772099	0.944602625766836
69	0.103864734299517	0.0603864734299517	0.0748792270531401	0.0603864734299517	0.0603864734299517	0.132850241545894	0.0603864734299517	0.118357487922705	0.0603864734299517	0.0748792270531401	0.0603864734299517	0.132850241545894	0.168363817935571
71	0.0243664717348928	0.0769980506822612	0.0243664717348928	0.0419103313840156	0.094541910331384	0.0360623781676413	0.0243664717348928	0.0769980506822612	0.0711500974658869	0.439571150097466	0.0360623781676413	0.0536062378167641	0.219376000585773
72	0.0382262996941896	0.0474006116207951	0.0382262996941896	0.129969418960245	0.0382262996941896	0.0474006116207951	0.0657492354740061	0.0749235474006116	0.0382262996941896	0.331804281345566	0.102446483180428	0.0474006116207951	0.201624066991299
73	0.0723905723905724	0.0521885521885522	0.0521885521885522	0.0622895622895623	0.0521885521885522	0.0420875420875421	0.0723905723905724	0.0521885521885522	0.0420875420875421	0.102693602693603	0.0622895622895623	0.335016835016835	0.146510688982588
75	0.0339912280701754	0.0274122807017544	0.0274122807017544	0.0274122807017544	0.0339912280701754	0.0274122807017544	0.665570175438597	0.0405701754385965	0.0274122807017544	0.0339912280701754	0.0274122807017544	0.0274122807017544	0.117558324778722
76	0.109675281643472	0.0838303512259775	0.5649436713055	0.0162359178263751	0.0222001325381047	0.0162359178263751	0.012259774685222	0.0261762756792578	0.059973492379059	0.0321404903909874	0.0440689198144467	0.012259774685222	0.961946376863582
79	0.0508130081300813	0.197154471544715	0.0508130081300813	0.0995934959349594	0.111788617886179	0.0508130081300813	0.0508130081300813	0.0508130081300813	0.0508130081300813	0.111788617886179	0.0630081300813008	0.111788617886179	0.494623956284737
81	0.3630174291939	0.0460239651416122	0.250272331154684	0.00844226579520697	0.0133442265795207	0.0394880174291939	0.0117102396514161	0.0182461873638344	0.132625272331155	0.0378540305010893	0.0639978213507625	0.0149782135076253	0.879598749858383
84	0.0392781316348195	0.395966029723991	0.0392781316348195	0.0329087048832272	0.0711252653927813	0.0966029723991507	0.064755838641189	0.0329087048832272	0.0583864118895966	0.109341825902335	0.0329087048832272	0.0265392781316348	0.686352566647193
85	0.00814223994682619	0.00714523097374543	0.0101362578929877	0.0121302758391492	0.01312728481223	0.017115320704553	0.750913924891991	0.0111332668660685	0.00415420405450316	0.0968760385510136	0.0410435360584912	0.0280824194084413	0.101792118409962
86	0.108847736625514	0.0150205761316872	0.0187242798353909	0.0409465020576132	0.0211934156378601	0.0199588477366255	0.0594650205761317	0.038477366255144	0.0619341563786008	0.0989711934156379	0.228600823045267	0.287860082304527	0.368021749144122
87	0.01879235982748	0.0169439309919901	0.138940234134319	0.150030807147258	0.0871842267406038	0.029882932840419	0.0206407886629698	0.01879235982748	0.270178681454097	0.0224892174984596	0.148182378311768	0.0779420825631546	0.689016777395453
88	0.0578703703703704	0.099537037037037	0.0717592592592593	0.155092592592593	0.0578703703703704	0.0856481481481482	0.155092592592593	0.0578703703703704	0.0856481481481482	0.0578703703703704	0.0578703703703704	0.0578703703703704	0.215652090954365
89	0.0771604938271605	0.0771604938271605	0.095679012345679	0.095679012345679	0.0771604938271605	0.0771604938271605	0.0771604938271605	0.095679012345679	0.0771604938271605	0.095679012345679	0.0771604938271605	0.0771604938271605	0.495985444513467
90	0.0248015873015873	0.0248015873015873	0.0307539682539683	0.0307539682539683	0.0367063492063492	0.0248015873015873	0.661706349206349	0.0426587301587302	0.0307539682539683	0.0307539682539683	0.0307539682539683	0.0307539682539683	0.229939155541833
91	0.151455026455026	0.341931216931217	0.242724867724868	0.0205026455026455	0.0205026455026455	0.0324074074074074	0.0244708994708995	0.0205026455026455	0.0681216931216931	0.0165343915343915	0.0363756613756614	0.0244708994708995	0.928171785987191
92	0.0967948717948718	0.212179487179487	0.0198717948717949	0.0275641025641026	0.0275641025641026	0.142948717948718	0.0314102564102564	0.0621794871794872	0.177564102564103	0.0775641025641026	0.0275641025641026	0.0967948717948718	0.513877084431788
93	0.0452898550724638	0.0452898550724638	0.0561594202898551	0.0778985507246377	0.121376811594203	0.327898550724638	0.0561594202898551	0.0452898550724638	0.0452898550724638	0.0778985507246377	0.0452898550724638	0.0561594202898551	0.320487940176811
94	0.0508130081300813	0.0508130081300813	0.0995934959349594	0.0752032520325203	0.0508130081300813	0.123983739837398	0.0873983739837398	0.0873983739837398	0.0508130081300813	0.123983739837398	0.111788617886179	0.0873983739837398	0.226332425098748
95	0.0425170068027211	0.0425170068027211	0.0425170068027211	0.0425170068027211	0.0425170068027211	0.175170068027211	0.287414965986395	0.113945578231293	0.0425170068027211	0.0425170068027211	0.0731292517006803	0.0527210884353742	0.191670672970811
96	0.0249662618083671	0.0249662618083671	0.0209176788124157	0.0411605937921727	0.0249662618083671	0.0168690958164642	0.296221322537112	0.0371120107962213	0.231443994601889	0.134278002699055	0.114035087719298	0.0330634278002699	0.178231747270316
98	0.0137046861184792	0.0137046861184792	0.0137046861184792	0.0508399646330681	0.0587975243147657	0.50972590627763	0.0322723253757737	0.0322723253757737	0.0163572060123784	0.156940760389036	0.0747126436781609	0.0269672855879752	0.134966500986574
99	0.00694444444444444	0.00581831831831832	0.00694444444444444	0.0801426426426426	0.029466966966967	0.483295795795796	0.0632507507507507	0.0159534534534535	0.0396021021021021	0.029466966966967	0.222034534534535	0.0170795795795796	0.189005915930272
100	0.0954106280193237	0.0301932367149758	0.03743961352657	0.0591787439613527	0.03743961352657	0.0519323671497585	0.196859903381643	0.0519323671497585	0.03743961352657	0.240338164251208	0.102657004830918	0.0591787439613527	0.226325394933079
101	0.0116921768707483	0.00659013605442177	0.0282738095238095	0.0359268707482993	0.0512329931972789	0.0167942176870748	0.00914115646258503	0.00914115646258503	0.0486819727891156	0.0142431972789116	0.0678146258503401	0.70046768707483	0.156193799414322
103	0.0223922902494331	0.357426303854875	0.26218820861678	0.0530045351473923	0.00878684807256236	0.01218820861678	0.0206916099773243	0.00708616780045352	0.0496031746031746	0.0189909297052154	0.158446712018141	0.0291950113378685	0.937013405040969
105	0.0511551155115512	0.0511551155115512	0.0511551155115512	0.12046204620462	0.0808580858085809	0.0808580858085809	0.0610561056105611	0.100660066006601	0.0511551155115512	0.070957095709571	0.110561056105611	0.16996699669967	0.317315976011895
106	0.568407960199005	0.0310945273631841	0.0385572139303483	0.0310945273631841	0.0385572139303483	0.0758706467661692	0.0310945273631841	0.0310945273631841	0.0534825870646766	0.0310945273631841	0.0310945273631841	0.0385572139303483	0.886898494349496
107	0.00901559454191033	0.0294834307992203	0.0353313840155945	0.0894249512670565	0.112816764132554	0.0104775828460039	0.00755360623781676	0.0221734892787524	0.342348927875244	0.0119395711500975	0.32041910331384	0.00901559454191033	0.82981799710531
109	0.10632183908046	0.0890804597701149	0.0718390804597701	0.0718390804597701	0.0718390804597701	0.0718390804597701	0.0718390804597701	0.0890804597701149	0.140804597701149	0.0718390804597701	0.0718390804597701	0.0718390804597701	0.545609859750716
110	0.0651041666666667	0.0807291666666667	0.0651041666666667	0.0651041666666667	0.0807291666666667	0.0651041666666667	0.0651041666666667	0.174479166666667	0.0651041666666667	0.0807291666666667	0.0651041666666667	0.127604166666667	0.335623428480974
112	0.270182291666667	0.0240885416666667	0.500651041666667	0.0240885416666667	0.0162760416666667	0.0201822916666667	0.0201822916666667	0.0201822916666667	0.0279947916666667	0.0240885416666667	0.0358072916666667	0.0162760416666667	0.955033575663471
113	0.0634703196347032	0.255251141552511	0.389497716894977	0.0251141552511416	0.0141552511415525	0.0141552511415525	0.0141552511415525	0.019634703196347	0.0388127853881279	0.0442922374429224	0.0881278538812785	0.0333333333333333	0.943999726082781
114	0.0372628726287263	0.27710027100271	0.0331978319783198	0.0535230352303523	0.0169376693766938	0.11449864498645	0.0372628726287263	0.130758807588076	0.0210027100271003	0.191734417344173	0.0494579945799458	0.0372628726287263	0.678314400824565
115	0.187179487179487	0.11025641025641	0.0794871794871795	0.0641025641025641	0.0641025641025641	0.0794871794871795	0.0641025641025641	0.0794871794871795	0.0794871794871795	0.0641025641025641	0.0641025641025641	0.0641025641025641	0.670283622551959
117	0.0250373692077728	0.0609118086696562	0.0205530642750374	0.0788490284005979	0.0676382660687593	0.0317638266068759	0.0317638266068759	0.0138266068759342	0.406203288490284	0.166292974588939	0.0698804185351271	0.0272795216741405	0.405407664055785
119	0.0429141716566866	0.0369261477045908	0.030938123752495	0.0848303393213573	0.0249500998003992	0.384231536926148	0.0908183632734531	0.0429141716566866	0.0429141716566866	0.108782435129741	0.0728542914171657	0.0369261477045908	0.294026032062387
120	0.0555555555555556	0.135555555555556	0.0688888888888889	0.0688888888888889	0.0555555555555556	0.175555555555556	0.0688888888888889	0.0955555555555556	0.0955555555555556	0.0555555555555556	0.0688888888888889	0.0555555555555556	0.739409638525534
121	0.044005544005544	0.0502425502425502	0.0419265419265419	0.0419265419265419	0.224878724878725	0.0273735273735274	0.0377685377685378	0.0107415107415107	0.384961884961885	0.0148995148995149	0.104296604296604	0.016978516978517	0.793095041476696
122	0.0730994152046784	0.0730994152046784	0.0730994152046784	0.0730994152046784	0.0730994152046784	0.0730994152046784	0.0730994152046784	0.125730994152047	0.0730994152046784	0.108187134502924	0.108187134502924	0.0730994152046784	0.27381934860149
123	0.0145784081954295	0.0145784081954295	0.02876280535855	0.0240346729708432	0.0358550039401103	0.0263987391646966	0.045311268715524	0.0145784081954295	0.291174152876281	0.02876280535855	0.45665878644602	0.0193065405831363	0.585727705646946
124	0.171985815602837	0.342198581560284	0.0656028368794326	0.0443262411347518	0.0443262411347518	0.0443262411347518	0.0443262411347518	0.0443262411347518	0.0549645390070922	0.0443262411347518	0.0549645390070922	0.0443262411347518	0.882229709992336
126	0.0672043010752688	0.0672043010752688	0.0672043010752688	0.0672043010752688	0.115591397849462	0.115591397849462	0.0994623655913979	0.115591397849462	0.0672043010752688	0.0833333333333333	0.0672043010752688	0.0672043010752688	0.257291467163733
128	0.0158359293873313	0.0158359293873313	0.00649013499480789	0.0111630321910696	0.0314122533748702	0.0251817237798546	0.456645898234683	0.0501038421599169	0.0111630321910696	0.160695742471443	0.15134994807892	0.064122533748702	0.162694579957789
129	0.0412457912457913	0.0311447811447811	0.0260942760942761	0.0361952861952862	0.0412457912457913	0.0311447811447811	0.228114478114478	0.228114478114478	0.021043771043771	0.106902356902357	0.117003367003367	0.0917508417508418	0.164495592757617
130	0.274305555555556	0.033234126984127	0.30109126984127	0.0124007936507937	0.0213293650793651	0.0243055555555556	0.0600198412698413	0.027281746031746	0.0391865079365079	0.0659722222222222	0.122519841269841	0.0183531746031746	0.852403134895991
131	0.0654761904761905	0.401190476190476	0.0440476190476191	0.0369047619047619	0.0297619047619048	0.0511904761904762	0.0440476190476191	0.0369047619047619	0.0369047619047619	0.0654761904761905	0.0869047619047619	0.101190476190476	0.658277255585089
133	0.0369047619047619	0.0297619047619048	0.0297619047619048	0.0440476190476191	0.0440476190476191	0.0869047619047619	0.0440476190476191	0.0440476190476191	0.0297619047619048	0.0726190476190476	0.0440476190476191	0.494047619047619	0.225335425461881
134	0.0595238095238095	0.0595238095238095	0.0595238095238095	0.0595238095238095	0.0595238095238095	0.102380952380952	0.0738095238095238	0.0880952380952381	0.0595238095238095	0.0738095238095238	0.0595238095238095	0.245238095238095	0.216179157975528
136	0.00658241179568194	0.0176408636124276	0.0129015271195366	0.690626645602949	0.0271195365982096	0.0650342285413375	0.0223802001053186	0.0192206424433913	0.0523959978936282	0.0508162190626646	0.0160610847814639	0.0192206424433913	0.25851715759181
140	0.024031007751938	0.0193798449612403	0.024031007751938	0.0565891472868217	0.0426356589147287	0.237984496124031	0.037984496124031	0.051937984496124	0.0193798449612403	0.372868217054264	0.0705426356589147	0.0426356589147287	0.11200552509505
142	0.0253267973856209	0.0204248366013072	0.0204248366013072	0.0498366013071895	0.0547385620915033	0.0645424836601307	0.0743464052287582	0.0939542483660131	0.0204248366013072	0.226307189542484	0.0841503267973856	0.265522875816993	0.286186523110456
144	0.0353881278538813	0.0285388127853881	0.0353881278538813	0.0353881278538813	0.0285388127853881	0.0285388127853881	0.638127853881279	0.0422374429223744	0.0285388127853881	0.0353881278538813	0.0285388127853881	0.0353881278538813	0.116092200210372
145	0.0587121212121212	0.0473484848484849	0.0473484848484849	0.0473484848484849	0.0700757575757576	0.0814393939393939	0.0473484848484849	0.0587121212121212	0.0587121212121212	0.0928030303030303	0.0473484848484849	0.34280303030303	0.105644780972922
146	0.031328320802005	0.0538847117794486	0.0463659147869674	0.219298245614035	0.0463659147869674	0.264411027568922	0.0388471177944862	0.0463659147869674	0.0463659147869674	0.0463659147869674	0.0614035087719298	0.0989974937343358	0.173851019860554
149	0.0763888888888889	0.101388888888889	0.0763888888888889	0.0763888888888889	0.0680555555555556	0.0680555555555556	0.0430555555555556	0.134722222222222	0.101388888888889	0.101388888888889	0.0930555555555556	0.0597222222222222	0.560110714517461
151	0.132398753894081	0.253894080996885	0.0763239875389408	0.0482866043613707	0.0482866043613707	0.0482866043613707	0.0482866043613707	0.141744548286604	0.0576323987538941	0.0482866043613707	0.0389408099688474	0.0576323987538941	0.831539912064716
152	0.0242566510172144	0.0242566510172144	0.0477308294209703	0.132237871674491	0.0289514866979656	0.493740219092332	0.0524256651017214	0.0289514866979656	0.0336463223787167	0.0195618153364632	0.066510172143975	0.0477308294209703	0.155167694495026
154	0.443149717514124	0.0130649717514124	0.316031073446328	0.0236581920903955	0.015183615819209	0.0109463276836158	0.0130649717514124	0.0194209039548023	0.0236581920903955	0.015183615819209	0.0872175141242938	0.0194209039548023	0.936563806663232
155	0.0792880258899677	0.1957928802589	0.06957928802589	0.0598705501618123	0.0501618122977346	0.0501618122977346	0.0501618122977346	0.156957928802589	0.0889967637540453	0.0792880258899677	0.0598705501618123	0.0598705501618123	0.824848066364802
158	0.0478603603603604	0.0242117117117117	0.0140765765765766	0.0647522522522523	0.0309684684684685	0.0377252252252252	0.149211711711712	0.0275900900900901	0.0343468468468468	0.358671171171171	0.186373873873874	0.0242117117117117	0.153719199554726
163	0.0728542914171657	0.0369261477045908	0.0848303393213573	0.0369261477045908	0.240518962075848	0.030938123752495	0.0369261477045908	0.0429141716566866	0.276447105788423	0.0249500998003992	0.0908183632734531	0.0249500998003992	0.779561700731712
164	0.0532646048109966	0.0532646048109966	0.0429553264604811	0.063573883161512	0.0738831615120275	0.0532646048109966	0.104810996563574	0.207903780068729	0.0945017182130584	0.115120274914089	0.063573883161512	0.0738831615120275	0.249338479459927
165	0.0310519645120406	0.29340937896071	0.141318124207858	0.0196451204055767	0.0310519645120406	0.050063371356147	0.0348542458808619	0.270595690747782	0.0538656527249683	0.0158428390367554	0.0272496831432193	0.0310519645120406	0.785720671367733
166	0.368199233716475	0.0624521072796935	0.315325670498084	0.0233716475095785	0.0187739463601533	0.0118773946360153	0.0164750957854406	0.0210727969348659	0.0210727969348659	0.0394636015325671	0.0877394636015326	0.014176245210728	0.83243350238547
170	0.0200655200655201	0.489352989352989	0.231367731367731	0.0126945126945127	0.0176085176085176	0.0102375102375102	0.0126945126945127	0.0126945126945127	0.0642915642915643	0.0151515151515152	0.0986895986895987	0.0151515151515152	0.957461961571471
171	0.0906432748538012	0.125730994152047	0.0730994152046784	0.0906432748538012	0.0730994152046784	0.0730994152046784	0.0730994152046784	0.108187134502924	0.0730994152046784	0.0730994152046784	0.0730994152046784	0.0730994152046784	0.686635713331726
172	0.046236559139785	0.388172043010753	0.201075268817204	0.0268817204301075	0.0591397849462366	0.0333333333333333	0.0268817204301075	0.0397849462365591	0.0655913978494624	0.0268817204301075	0.046236559139785	0.0397849462365591	0.858638133823139
173	0.0567765567765568	0.1996336996337	0.166666666666667	0.0457875457875458	0.0567765567765568	0.0787545787545788	0.0567765567765568	0.0897435897435898	0.0677655677655678	0.0567765567765568	0.0787545787545788	0.0457875457875458	0.817449699730558
174	0.266911165444173	0.0273023634881826	0.352485737571312	0.0150774246128769	0.0321923390383048	0.0199674001629992	0.0321923390383048	0.0273023634881826	0.0199674001629992	0.0321923390383048	0.132436837815811	0.0419722901385493	0.896127897702836
175	0.0496794871794872	0.0592948717948718	0.0496794871794872	0.0592948717948718	0.0496794871794872	0.22275641025641	0.11698717948718	0.078525641025641	0.078525641025641	0.0400641025641026	0.126602564102564	0.0689102564102564	0.502476287628656
176	0.0906432748538012	0.0906432748538012	0.0730994152046784	0.0906432748538012	0.0906432748538012	0.0730994152046784	0.0730994152046784	0.0906432748538012	0.0730994152046784	0.108187134502924	0.0730994152046784	0.0730994152046784	0.311074100384958
177	0.0292259083728278	0.0292259083728278	0.0244865718799368	0.0244865718799368	0.0387045813586098	0.0481832543443918	0.280410742496051	0.0813586097946288	0.0529225908372828	0.185624012638231	0.185624012638231	0.0197472353870458	0.139162670830893
178	0.0313131313131313	0.0252525252525253	0.0494949494949495	0.0737373737373737	0.0676767676767677	0.097979797979798	0.0313131313131313	0.0434343434343434	0.0494949494949495	0.122222222222222	0.0494949494949495	0.358585858585859	0.231648716669912
179	0.0112612612612613	0.013963963963964	0.0193693693693694	0.0707207207207207	0.0328828828828829	0.365315315315315	0.0545045045045045	0.013963963963964	0.013963963963964	0.305855855855856	0.0707207207207207	0.0274774774774775	0.205995830770057
180	0.031024531024531	0.018037518037518	0.0483405483405483	0.208513708513709	0.282106782106782	0.0353535353535354	0.0526695526695527	0.0353535353535354	0.044011544011544	0.126262626262626	0.1002886002886	0.018037518037518	0.286953183766295
182	0.0168426344896933	0.0108094519859226	0.00930115635997989	0.178230266465561	0.0138260432378079	0.0138260432378079	0.43614881850176	0.0153343388637506	0.0108094519859226	0.0862242332830568	0.139014580191051	0.0696329813976873	0.200085237306723
183	0.0293305728088337	0.0603864734299517	0.0210489993098689	0.124568668046929	0.0148378191856453	0.0479641131815045	0.0728088336783989	0.105935127674258	0.0500345065562457	0.0976535541752933	0.321256038647343	0.0541752933057281	0.33145705914167
185	0.0786163522012579	0.0786163522012579	0.0786163522012579	0.0974842767295598	0.0786163522012579	0.0786163522012579	0.0974842767295598	0.0974842767295598	0.0786163522012579	0.0786163522012579	0.0786163522012579	0.0786163522012579	0.520981845979338
188	0.041005291005291	0.0330687830687831	0.0330687830687831	0.0727513227513228	0.0568783068783069	0.0806878306878307	0.0727513227513228	0.374338624338624	0.041005291005291	0.104497354497355	0.0489417989417989	0.041005291005291	0.195471125022057
191	0.166666666666667	0.0312954876273654	0.559679767103348	0.0312954876273654	0.0181950509461427	0.0181950509461427	0.0181950509461427	0.0181950509461427	0.0443959243085881	0.0356622998544396	0.0356622998544396	0.0225618631732169	0.947031393420314
192	0.0282874617737003	0.0237003058103976	0.0374617737003058	0.0558103975535168	0.0328746177370031	0.0879204892966361	0.326452599388379	0.0237003058103976	0.0191131498470948	0.129204892966361	0.198012232415902	0.0374617737003058	0.226576739869854
193	0.0303408146300914	0.0128844555278471	0.0128844555278471	0.0827098919368246	0.015378221113882	0.0777223607647548	0.100166251039069	0.0253532834580216	0.0128844555278471	0.494181213632585	0.0752285951787199	0.0602660016625104	0.134226816412298
194	0.0107415107415107	0.0148995148995149	0.0107415107415107	0.0460845460845461	0.0481635481635482	0.0544005544005544	0.0481635481635482	0.0232155232155232	0.0273735273735274	0.528413028413028	0.164587664587665	0.0232155232155232	0.156175416717024
195	0.778564141800561	0.100293292527416	0.0547691915327723	0.00235909206834991	0.00427186942106605	0.00312420300943637	0.00427186942106605	0.0035067584799796	0.0306681968885488	0.00503698036215251	0.00809742412649834	0.00503698036215251	0.955842459181977
196	0.0305280528052805	0.307755775577558	0.0305280528052805	0.0552805280528053	0.0305280528052805	0.228547854785479	0.0305280528052805	0.0602310231023102	0.08003300330033	0.0701320132013201	0.0255775577557756	0.0503300330033003	0.690517232889926
197	0.0328014184397163	0.0221631205673759	0.0274822695035461	0.0381205673758865	0.0274822695035461	0.160460992907801	0.0913120567375887	0.12322695035461	0.0274822695035461	0.11258865248227	0.0593971631205674	0.277482269503546	0.207902367094745
198	0.0213178294573643	0.0166666666666667	0.025968992248062	0.102713178294574	0.0585271317829457	0.0631782945736434	0.00968992248062015	0.0329457364341085	0.0213178294573643	0.0329457364341085	0.323643410852713	0.291085271317829	0.542437602439775
199	0.00418369332554972	0.00943763378089122	0.00535123564895894	0.00943763378089122	0.722222222222222	0.0993383926834014	0.00476746448725433	0.0117727184277097	0.0806577155088539	0.0181942012064604	0.0322047090873711	0.00243237984043588	0.580802655485452
201	0.0697916666666667	0.582291666666667	0.0447916666666667	0.0322916666666667	0.0260416666666667	0.0260416666666667	0.0385416666666667	0.0385416666666667	0.0510416666666667	0.0322916666666667	0.0260416666666667	0.0322916666666667	0.890842441581683
202	0.0801282051282051	0.0801282051282051	0.0801282051282051	0.0801282051282051	0.0801282051282051	0.0801282051282051	0.0801282051282051	0.0993589743589744	0.0801282051282051	0.0801282051282051	0.0993589743589744	0.0801282051282051	0.507765526783132
203	0.0478927203065134	0.0478927203065134	0.0478927203065134	0.0938697318007663	0.0593869731800766	0.116858237547893	0.0478927203065134	0.266283524904215	0.0478927203065134	0.0708812260536398	0.0938697318007663	0.0593869731800766	0.241755836028007
206	0.0598039215686275	0.524509803921569	0.053921568627451	0.053921568627451	0.0303921568627451	0.0245098039215686	0.042156862745098	0.0303921568627451	0.0892156862745098	0.0303921568627451	0.0303921568627451	0.0303921568627451	0.765037130862077
208	0.0137037037037037	0.0181481481481481	0.027037037037037	0.0337037037037037	0.162592592592593	0.027037037037037	0.0403703703703704	0.0159259259259259	0.413703703703704	0.0292592592592593	0.178148148148148	0.0403703703703704	0.762586284338901
209	0.0135608048993876	0.0109361329833771	0.0109361329833771	0.108048993875766	0.310148731408574	0.0476815398075241	0.0424321959755031	0.0240594925634296	0.0240594925634296	0.299650043744532	0.094925634295713	0.0135608048993876	0.209807646162417
211	0.00991425509110397	0.00669882100750268	0.00830653804930332	0.0259914255091104	0.0436763129689175	0.0131296891747053	0.284833869239014	0.0195605573419078	0.0179528403001072	0.0967309753483387	0.247856377277599	0.22534833869239	0.158944380218649
213	0.0195035460992908	0.0173758865248227	0.0109929078014184	0.349290780141844	0.0280141843971631	0.0280141843971631	0.0514184397163121	0.0195035460992908	0.0216312056737589	0.14290780141844	0.257801418439716	0.0535460992907801	0.434771572936801
214	0.0151515151515152	0.0624242424242424	0.0224242424242424	0.0915151515151515	0.076969696969697	0.0260606060606061	0.0187878787878788	0.0224242424242424	0.30969696969697	0.22969696969697	0.102424242424242	0.0224242424242424	0.357543682377268
215	0.11489898989899	0.0542929292929293	0.077020202020202	0.0315656565656566	0.0391414141414141	0.0467171717171717	0.0467171717171717	0.152777777777778	0.107323232323232	0.0921717171717172	0.14520202020202	0.0921717171717172	0.607245490816631
217	0.0508130081300813	0.123983739837398	0.0508130081300813	0.0752032520325203	0.0752032520325203	0.0508130081300813	0.0508130081300813	0.172764227642276	0.136178861788618	0.0630081300813008	0.0752032520325203	0.0752032520325203	0.789059250883792
218	0.166666666666667	0.111872146118721	0.0707762557077626	0.0570776255707763	0.0570776255707763	0.0570776255707763	0.0707762557077626	0.0981735159817352	0.111872146118721	0.0707762557077626	0.0570776255707763	0.0707762557077626	0.708717733255226
219	0.213324926439681	0.0493905002101723	0.373476250525431	0.0254308532997058	0.039302227826818	0.0153425809163514	0.0166036149642707	0.0140815468684321	0.0922656578394283	0.0241698192517865	0.118747372845734	0.01786464901219	0.907418221796624
221	0.0440476190476191	0.0511904761904762	0.0297619047619048	0.0726190476190476	0.0297619047619048	0.0726190476190476	0.108333333333333	0.136904761904762	0.0440476190476191	0.251190476190476	0.0440476190476191	0.11547619047619	0.349684409439107
222	0.102285395763657	0.132385730211817	0.204292084726867	0.0136566332218506	0.0571348940914158	0.00696767001114827	0.0153288740245262	0.0103121516164994	0.431716833890747	0.00863991081382386	0.00863991081382386	0.00863991081382386	0.877141436205067
223	0.0095565749235474	0.0164373088685015	0.0095565749235474	0.025611620795107	0.0095565749235474	0.0301987767584098	0.0967125382262997	0.025611620795107	0.0164373088685015	0.644877675840979	0.0118501529051988	0.103593272171254	0.117694477544914
224	0.0543859649122807	0.043859649122807	0.043859649122807	0.159649122807018	0.0649122807017544	0.0649122807017544	0.107017543859649	0.149122807017544	0.128070175438597	0.043859649122807	0.0964912280701754	0.043859649122807	0.295401046510783
225	0.0563218390804598	0.035632183908046	0.028735632183908	0.0425287356321839	0.035632183908046	0.0425287356321839	0.359770114942529	0.104597701149425	0.028735632183908	0.0563218390804598	0.125287356321839	0.0839080459770115	0.209280373982949
226	0.0411111111111111	0.0344444444444444	0.0411111111111111	0.361111111111111	0.0611111111111111	0.194444444444444	0.0411111111111111	0.0677777777777778	0.0277777777777778	0.0277777777777778	0.0544444444444445	0.0477777777777778	0.414258849557251
227	0.0137513751375138	0.0335533553355336	0.0203520352035204	0.122662266226623	0.0533553355335534	0.277777777777778	0.0731573157315732	0.0368536853685369	0.0170517051705171	0.191969196919692	0.125962596259626	0.0335533553355336	0.164120825976139
228	0.0706214689265537	0.0706214689265537	0.0706214689265537	0.0706214689265537	0.0706214689265537	0.172316384180791	0.0875706214689266	0.0706214689265537	0.0706214689265537	0.0875706214689266	0.0706214689265537	0.0875706214689266	0.244113497235634
229	0.158008658008658	0.183982683982684	0.0670995670995671	0.0541125541125541	0.0541125541125541	0.0670995670995671	0.0541125541125541	0.0541125541125541	0.0930735930735931	0.106060606060606	0.0541125541125541	0.0541125541125541	0.866535866759079
230	0.580528052805281	0.0399339933993399	0.0458745874587459	0.0161716171617162	0.033993399339934	0.0161716171617162	0.0161716171617162	0.0141914191419142	0.125082508250825	0.0240924092409241	0.0617161716171617	0.0260726072607261	0.755533012808773
231	0.158254468980021	0.0352260778128286	0.319137749737119	0.019453207150368	0.0257623554153523	0.0226077812828601	0.0383806519453207	0.0131440588853838	0.192954784437434	0.0162986330178759	0.139327024185068	0.019453207150368	0.862910709844859
232	0.0567765567765568	0.0457875457875458	0.0457875457875458	0.0567765567765568	0.0457875457875458	0.0677655677655678	0.100732600732601	0.320512820512821	0.0677655677655678	0.0567765567765568	0.0457875457875458	0.0897435897435898	0.220238742216159
