3 0.12673611111111113 0.05381944444444445 0.11631944444444446 0.14756944444444445 0.07465277777777778 0.04340277777777778 0.04340277777777778 0.04340277777777778 0.04340277777777778 0.05381944444444445 0.17881944444444445 0.07465277777777778
8196 0.07951388888888888 0.08784722222222222 0.12743055555555555 0.2545138888888889 0.019097222222222224 0.008680555555555556 0.05451388888888889 0.10659722222222222 0.03368055555555556 0.06701388888888889 0.03368055555555556 0.12743055555555555
8200 0.03178694158075601 0.04209621993127148 0.02147766323024055 0.036941580756013746 0.03178694158075601 0.026632302405498284 0.05240549828178695 0.036941580756013746 0.03178694158075601 0.036941580756013746 0.6194158075601375 0.03178694158075601
9 0.07054978854286813 0.0855440215301807 0.010572856593617841 0.07516339869281047 0.03594771241830066 0.02787389465590158 0.17320261437908496 0.030180699730872743 0.015186466743560171 0.38658208381391773 0.015186466743560171 0.07400999615532489
8207 0.06540084388185655 0.09071729957805907 0.24261603375527427 0.052742616033755275 0.09071729957805907 0.052742616033755275 0.09071729957805907 0.052742616033755275 0.06540084388185655 0.052742616033755275 0.09071729957805907 0.052742616033755275
8208 0.02557755775577558 0.03547854785478548 0.02557755775577558 0.05528052805280528 0.04537953795379539 0.08993399339933994 0.04537953795379539 0.22854785478547854 0.04042904290429043 0.0948844884488449 0.2731023102310231 0.04042904290429043
8210 0.019278606965174132 0.01554726368159204 0.0304726368159204 0.07524875621890548 0.019278606965174132 0.0304726368159204 0.05286069651741294 0.0640547263681592 0.0304726368159204 0.09763681592039801 0.5416666666666666 0.02300995024875622
21 0.07183908045977012 0.15804597701149428 0.07183908045977012 0.07183908045977012 0.07183908045977012 0.07183908045977012 0.07183908045977012 0.07183908045977012 0.1235632183908046 0.07183908045977012 0.07183908045977012 0.07183908045977012
8217 0.394949494949495 0.03737373737373738 0.07373737373737374 0.06767676767676768 0.10404040404040404 0.03737373737373738 0.025252525252525256 0.043434343434343436 0.0494949494949495 0.0494949494949495 0.05555555555555556 0.061616161616161624
8219 0.17690058479532164 0.11549707602339182 0.05409356725146199 0.15058479532163743 0.0716374269005848 0.06286549707602339 0.04532163742690059 0.08040935672514621 0.036549707602339186 0.08918128654970761 0.08040935672514621 0.036549707602339186
8220 0.03421633554083885 0.027593818984547464 0.03421633554083885 0.03421633554083885 0.027593818984547464 0.5905077262693157 0.027593818984547464 0.027593818984547464 0.027593818984547464 0.04083885209713024 0.04083885209713024 0.08719646799116998
30 0.015842839036755388 0.027249683143219267 0.019645120405576682 0.04245880861850444 0.038656527249683145 0.10709759188846642 0.015842839036755388 0.5405576679340938 0.04626108998732573 0.04245880861850444 0.03105196451204056 0.07287705956907478
8223 0.06944444444444445 0.06944444444444445 0.08611111111111111 0.06944444444444445 0.08611111111111111 0.06944444444444445 0.08611111111111111 0.06944444444444445 0.06944444444444445 0.08611111111111111 0.1527777777777778 0.08611111111111111
33 0.0775941230486685 0.022497704315886137 0.23737373737373738 0.1657483930211203 0.03351698806244261 0.011478420569329661 0.022497704315886137 0.01423324150596878 0.3558310376492194 0.030762167125803493 0.016988062442607896 0.011478420569329661
8226 0.024707996406109618 0.024707996406109618 0.4020664869721473 0.24573225516621744 0.011230907457322553 0.01931716082659479 0.07592093441150045 0.07861635220125786 0.032794249775381853 0.01931716082659479 0.024707996406109618 0.04088050314465409
35 0.04844961240310078 0.07170542635658915 0.04844961240310078 0.14147286821705427 0.1298449612403101 0.07170542635658915 0.15310077519379847 0.10658914728682171 0.04844961240310078 0.060077519379844964 0.060077519379844964 0.060077519379844964
37 0.05952380952380953 0.05952380952380953 0.05952380952380953 0.15952380952380954 0.0880952380952381 0.0880952380952381 0.07380952380952381 0.0880952380952381 0.05952380952380953 0.10238095238095239 0.07380952380952381 0.0880952380952381
8231 0.007424242424242425 0.03469696969696969 0.007424242424242425 0.14833333333333332 0.046515151515151516 0.03924242424242424 0.1965151515151515 0.0637878787878788 0.010151515151515153 0.34106060606060606 0.06742424242424243 0.03742424242424242
43 0.02170868347338936 0.04691876750700281 0.01750700280112045 0.09733893557422969 0.051120448179271714 0.13515406162464985 0.1015406162464986 0.04691876750700281 0.02170868347338936 0.3284313725490196 0.10994397759103643 0.02170868347338936
8237 0.03021442495126706 0.04775828460038987 0.03021442495126706 0.03606237816764133 0.02436647173489279 0.02436647173489279 0.08869395711500976 0.03021442495126706 0.03021442495126706 0.6033138401559455 0.02436647173489279 0.03021442495126706
8240 0.014775413711583925 0.06442080378250592 0.025413711583924352 0.11052009456264776 0.053782505910165486 0.028959810874704495 0.10342789598108748 0.07860520094562648 0.028959810874704495 0.4119385342789598 0.046690307328605206 0.03250591016548464
49 0.05411255411255412 0.05411255411255412 0.05411255411255412 0.10606060606060608 0.24891774891774893 0.05411255411255412 0.0670995670995671 0.0800865800865801 0.05411255411255412 0.0800865800865801 0.05411255411255412 0.09307359307359307
50 0.016350210970464137 0.28217299578059074 0.029008438818565404 0.4562236286919831 0.019514767932489453 0.013185654008438819 0.02267932489451477 0.03533755274261604 0.016350210970464137 0.04166666666666667 0.029008438818565404 0.03850210970464135
8243 0.08072916666666667 0.19010416666666669 0.06510416666666667 0.06510416666666667 0.08072916666666667 0.06510416666666667 0.06510416666666667 0.06510416666666667 0.06510416666666667 0.09635416666666667 0.08072916666666667 0.08072916666666667
52 0.02891692954784438 0.01629863301787592 0.02260778128286015 0.03838065194532072 0.019453207150368034 0.5904311251314406 0.019453207150368034 0.06992639327024186 0.01629863301787592 0.09200841219768664 0.054153522607781286 0.03207150368033649
54 0.008322087269455691 0.013720197930724248 0.015069725596041387 0.054206027890238415 0.02316689158794422 0.013720197930724248 0.6237067026540711 0.054206027890238415 0.0258659469185785 0.12033288349077824 0.03801169590643275 0.00967161493477283
55 0.5236254295532646 0.02104810996563574 0.044243986254295535 0.07259450171821306 0.015893470790378006 0.013316151202749142 0.02104810996563574 0.05970790378006873 0.17053264604810997 0.02104810996563574 0.015893470790378006 0.02104810996563574
59 0.03343313373253493 0.015469061876247506 0.49151696606786427 0.04540918163672655 0.015469061876247506 0.01846307385229541 0.027445109780439125 0.03642714570858284 0.09930139720558881 0.03343313373253493 0.021457085828343315 0.1621756487025948
8252 0.05272108843537415 0.05272108843537415 0.042517006802721094 0.042517006802721094 0.07312925170068027 0.05272108843537415 0.16496598639455784 0.042517006802721094 0.06292517006802721 0.16496598639455784 0.19557823129251703 0.05272108843537415
63 0.5668238993710693 0.02437106918238994 0.019654088050314468 0.09040880503144655 0.02437106918238994 0.019654088050314468 0.02437106918238994 0.019654088050314468 0.07625786163522014 0.02437106918238994 0.03380503144654088 0.07625786163522014
64 0.010137875101378752 0.036901865369018655 0.015004055150040552 0.03933495539334956 0.19505271695052717 0.017437145174371452 0.32887266828872663 0.06366585563665855 0.010137875101378752 0.20965125709651258 0.05393349553933496 0.019870235198702353
65 0.02997601918465228 0.4256594724220623 0.058752997601918475 0.08752997601918466 0.03717026378896883 0.04436450839328537 0.08033573141486812 0.051558752997601924 0.02997601918465228 0.03717026378896883 0.08033573141486812 0.03717026378896883
8258 0.06218905472636816 0.09203980099502489 0.06218905472636816 0.06218905472636816 0.13681592039800997 0.1218905472636816 0.06218905472636816 0.13681592039800997 0.06218905472636816 0.06218905472636816 0.06218905472636816 0.07711442786069653
70 0.103988603988604 0.044159544159544165 0.3091168091168091 0.07834757834757836 0.05270655270655271 0.044159544159544165 0.03561253561253561 0.05270655270655271 0.12108262108262109 0.03561253561253561 0.06980056980056981 0.05270655270655271
9004 0.038302277432712216 0.24327122153209108 0.025879917184265012 0.05693581780538303 0.06314699792960664 0.044513457556935816 0.08178053830227744 0.12525879917184266 0.025879917184265012 0.19358178053830227 0.044513457556935816 0.05693581780538303
8265 0.00969355847404628 0.017198248905565983 0.007817385866166355 0.03220762976860538 0.007817385866166355 0.3605378361475922 0.024702939337085682 0.2048155096935585 0.02095059412132583 0.16729205753596 0.13352095059412133 0.01344590368980613
74 0.012399077277970011 0.045271049596309114 0.14907727797001155 0.07122260668973471 0.02450980392156863 0.008938869665513265 0.01585928489042676 0.04008073817762399 0.5746828143021915 0.008938869665513265 0.017589388696655134 0.03143021914648213
8268 0.011507052709725317 0.022642910170749816 0.5861172976985894 0.0939123979213066 0.03155159613956941 0.015961395694135117 0.022642910170749816 0.033778767631774315 0.1206384558277654 0.020415738678544917 0.024870081662954718 0.015961395694135117
77 0.402547065337763 0.033776301218161685 0.13344407530454042 0.0769656699889258 0.01716500553709856 0.01716500553709856 0.027131782945736437 0.06035437430786268 0.15669988925802877 0.020487264673311186 0.027131782945736437 0.027131782945736437
8270 0.01420289855072464 0.019420289855072465 0.01246376811594203 0.08376811594202899 0.01420289855072464 0.36724637681159417 0.04028985507246377 0.2733333333333333 0.010724637681159421 0.10289855072463767 0.04724637681159421 0.01420289855072464
8271 0.022859517871986704 0.4916874480465503 0.015378221113881962 0.06026600166251039 0.01288445552784705 0.02036575228595179 0.09767248545303407 0.08520365752285951 0.010390689941812137 0.15004156275976724 0.02036575228595179 0.01288445552784705
80 0.07062146892655367 0.10451977401129944 0.07062146892655367 0.07062146892655367 0.07062146892655367 0.07062146892655367 0.1553672316384181 0.10451977401129944 0.07062146892655367 0.07062146892655367 0.07062146892655367 0.07062146892655367
82 0.12009803921568629 0.06127450980392157 0.12009803921568629 0.06127450980392157 0.178921568627451 0.06127450980392157 0.07598039215686275 0.06127450980392157 0.06127450980392157 0.06127450980392157 0.06127450980392157 0.07598039215686275
83 0.01533135509396637 0.01533135509396637 0.024233432245301684 0.24678536102868448 0.04797230464886251 0.04203758654797231 0.4515331355093966 0.056874381800197826 0.024233432245301684 0.036102868447082104 0.018298714144411473 0.02126607319485658
8276 0.013751375137513752 0.017051705170517052 0.013751375137513752 0.13916391639163916 0.05005500550055006 0.09295929592959297 0.03355335533553356 0.06325632563256325 0.026952695269526955 0.4823982398239824 0.05005500550055006 0.017051705170517052
8280 0.05787037037037038 0.08564814814814815 0.07175925925925926 0.08564814814814815 0.08564814814814815 0.07175925925925926 0.07175925925925926 0.05787037037037038 0.05787037037037038 0.05787037037037038 0.23842592592592593 0.05787037037037038
8285 0.0533769063180828 0.0664488017429194 0.2494553376906318 0.1056644880174292 0.04030501089324619 0.059912854030501096 0.027233115468409588 0.0533769063180828 0.027233115468409588 0.1775599128540305 0.059912854030501096 0.079520697167756
8286 0.05630630630630631 0.06981981981981983 0.29954954954954954 0.09684684684684686 0.05630630630630631 0.05630630630630631 0.05630630630630631 0.05630630630630631 0.05630630630630631 0.06981981981981983 0.05630630630630631 0.06981981981981983
97 0.07575757575757576 0.07575757575757576 0.07575757575757576 0.11212121212121212 0.07575757575757576 0.07575757575757576 0.07575757575757576 0.07575757575757576 0.09393939393939395 0.09393939393939395 0.07575757575757576 0.09393939393939395
8291 0.06851851851851852 0.0462962962962963 0.0462962962962963 0.057407407407407414 0.10185185185185186 0.06851851851851852 0.17962962962962964 0.1462962962962963 0.057407407407407414 0.13518518518518519 0.0462962962962963 0.0462962962962963
102 0.010064412238325283 0.019726247987117557 0.010064412238325283 0.30475040257648955 0.02455716586151369 0.11634460547504025 0.28301127214170696 0.08977455716586151 0.010064412238325283 0.09219001610305957 0.02455716586151369 0.014895330112721417
104 0.05341880341880342 0.14316239316239318 0.06623931623931624 0.05341880341880342 0.05341880341880342 0.05341880341880342 0.2329059829059829 0.05341880341880342 0.05341880341880342 0.11752136752136753 0.05341880341880342 0.06623931623931624
8297 0.01552598225602028 0.01552598225602028 0.01552598225602028 0.04594423320659062 0.05164765525982256 0.5687579214195184 0.04974651457541192 0.06115335868187579 0.03073510773130545 0.023130544993662867 0.08396704689480354 0.03833967046894804
8298 0.060688405797101455 0.03894927536231884 0.15307971014492755 0.0443840579710145 0.0443840579710145 0.0443840579710145 0.08786231884057971 0.060688405797101455 0.022644927536231884 0.03894927536231884 0.37047101449275366 0.03351449275362319
108 0.040364583333333336 0.06380208333333334 0.048177083333333336 0.048177083333333336 0.09505208333333334 0.040364583333333336 0.040364583333333336 0.11067708333333334 0.048177083333333336 0.09505208333333334 0.3372395833333333 0.032552083333333336
8302 0.2627627627627628 0.03753753753753754 0.10060060060060061 0.04654654654654655 0.06456456456456457 0.07357357357357358 0.03753753753753754 0.0825825825825826 0.03753753753753754 0.04654654654654655 0.03753753753753754 0.1726726726726727
111 0.024434719183078046 0.07038657913931437 0.024434719183078046 0.337345003646973 0.03537563822027717 0.07695113056163384 0.09664478482859226 0.13822027716994895 0.022246535375638223 0.04412837345003647 0.10102115244347191 0.028811086797957696
8306 0.02042160737812912 0.016469038208168644 0.016469038208168644 0.18247694334650855 0.32872200263504614 0.032279314888010543 0.07971014492753624 0.1429512516469038 0.024374176548089592 0.05599472990777339 0.07575757575757576 0.024374176548089592
8307 0.010964912280701756 0.021491228070175443 0.010964912280701756 0.24517543859649124 0.03464912280701755 0.013596491228070176 0.024122807017543862 0.058333333333333334 0.024122807017543862 0.4478070175438596 0.09517543859649122 0.013596491228070176
116 0.04960317460317461 0.13293650793650796 0.12103174603174605 0.21626984126984128 0.04960317460317461 0.04960317460317461 0.07341269841269842 0.04960317460317461 0.04960317460317461 0.04960317460317461 0.06150793650793651 0.09722222222222224
8309 0.39739583333333334 0.03177083333333334 0.04114583333333334 0.15677083333333333 0.013020833333333334 0.013020833333333334 0.019270833333333334 0.04739583333333334 0.15052083333333333 0.028645833333333336 0.016145833333333335 0.08489583333333334
8310 0.11329588014981275 0.023408239700374533 0.4110486891385768 0.03464419475655431 0.040262172284644196 0.023408239700374533 0.02902621722846442 0.02902621722846442 0.18071161048689138 0.03464419475655431 0.02902621722846442 0.05149812734082398
8311 0.011478420569329661 0.030762167125803493 0.011478420569329661 0.011478420569329661 0.01423324150596878 0.6092745638200183 0.016988062442607896 0.011478420569329661 0.011478420569329661 0.022497704315886137 0.23737373737373738 0.011478420569329661
125 0.0116921768707483 0.6673044217687074 0.018069727891156465 0.015518707482993199 0.12648809523809523 0.015518707482993199 0.030824829931972792 0.0116921768707483 0.006590136054421769 0.03975340136054422 0.03337585034013606 0.023171768707482995
4 0.0771604938271605 0.09567901234567902 0.0771604938271605 0.0771604938271605 0.09567901234567902 0.0771604938271605 0.09567901234567902 0.0771604938271605 0.0771604938271605 0.0771604938271605 0.09567901234567902 0.0771604938271605
127 0.047348484848484855 0.08143939393939394 0.047348484848484855 0.08143939393939394 0.13825757575757577 0.047348484848484855 0.047348484848484855 0.047348484848484855 0.047348484848484855 0.2178030303030303 0.13825757575757577 0.058712121212121215
8320 0.5203508771929825 0.012982456140350878 0.012982456140350878 0.050877192982456146 0.008771929824561405 0.008771929824561405 0.012982456140350878 0.015087719298245615 0.3119298245614035 0.010877192982456142 0.015087719298245615 0.01929824561403509
8323 0.04283489096573209 0.04283489096573209 0.23442367601246106 0.08021806853582555 0.047507788161993775 0.019470404984423678 0.033489096573208726 0.05685358255451714 0.29517133956386293 0.03816199376947041 0.04283489096573209 0.0661993769470405
132 0.0033280085197018106 0.008120340788072418 0.006522896698615549 0.03288072417465389 0.006522896698615549 0.1862353567625133 0.012912673056443025 0.10636315228966986 0.12233759318423855 0.2964589989350373 0.1910276890308839 0.027289669861554844
135 0.032494758909853254 0.03878406708595388 0.026205450733752623 0.026205450733752623 0.026205450733752623 0.026205450733752623 0.032494758909853254 0.026205450733752623 0.026205450733752623 0.6865828092243187 0.026205450733752623 0.026205450733752623
8328 0.04702380952380953 0.04345238095238096 0.04345238095238096 0.09702380952380953 0.022023809523809525 0.14345238095238094 0.018452380952380953 0.14345238095238094 0.08273809523809524 0.025595238095238098 0.02916666666666667 0.3041666666666667
137 0.04030501089324619 0.03376906318082789 0.03376906318082789 0.1579520697167756 0.03376906318082789 0.28213507625272327 0.027233115468409588 0.1056644880174292 0.03376906318082789 0.16448801742919392 0.04030501089324619 0.04684095860566449
138 0.05787037037037038 0.05787037037037038 0.07175925925925926 0.08564814814814815 0.09953703703703703 0.14120370370370372 0.07175925925925926 0.15509259259259262 0.05787037037037038 0.07175925925925926 0.07175925925925926 0.05787037037037038
139 0.13069544364508395 0.08033573141486812 0.03717026378896883 0.13788968824940048 0.02997601918465228 0.02997601918465228 0.1235011990407674 0.051558752997601924 0.04436450839328537 0.10191846522781775 0.0947242206235012 0.13788968824940048
141 0.004865034526051476 0.007689893283113623 0.003923414940364093 0.017106089139987447 0.00674827369742624 0.22802887633396107 0.01051475204017577 0.23085373509102322 0.05194601381042059 0.009573132454488388 0.42388575015693664 0.004865034526051476
8334 0.04901960784313726 0.16666666666666669 0.0607843137254902 0.0607843137254902 0.07254901960784314 0.08431372549019608 0.09607843137254904 0.0607843137254902 0.04901960784313726 0.07254901960784314 0.16666666666666669 0.0607843137254902
143 0.3029715762273902 0.02777777777777778 0.023901808785529718 0.07041343669250646 0.020025839793281656 0.023901808785529718 0.03940568475452197 0.020025839793281656 0.3301033591731266 0.03552971576227391 0.031653746770025845 0.07428940568475452
147 0.3043071161048689 0.06273408239700375 0.10767790262172286 0.07397003745318352 0.02902621722846442 0.040262172284644196 0.11329588014981275 0.05149812734082398 0.04588014981273409 0.040262172284644196 0.06835205992509363 0.06273408239700375
8340 0.5093109869646183 0.03445065176908752 0.062383612662942275 0.04562383612662943 0.05121042830540038 0.023277467411545627 0.023277467411545627 0.028864059590316574 0.12383612662942273 0.03445065176908752 0.028864059590316574 0.03445065176908752
9582 0.01619644723092999 0.02246603970741902 0.01619644723092999 0.053814002089864164 0.01619644723092999 0.06321839080459771 0.02873563218390805 0.5929989550679206 0.038140020898641595 0.056948798328108674 0.03187042842215256 0.06321839080459771
150 0.022522522522522525 0.02792792792792793 0.022522522522522525 0.06576576576576577 0.022522522522522525 0.2981981981981982 0.04954954954954956 0.3792792792792793 0.03333333333333333 0.022522522522522525 0.03333333333333333 0.022522522522522525
8344 0.4505952380952381 0.025595238095238098 0.10416666666666667 0.025595238095238098 0.014880952380952382 0.014880952380952382 0.022023809523809525 0.039880952380952385 0.12916666666666665 0.0505952380952381 0.025595238095238098 0.09702380952380953
153 0.01846307385229541 0.03343313373253493 0.015469061876247506 0.25798403193612773 0.060379241516966074 0.03343313373253493 0.09930139720558881 0.03642714570858284 0.024451097804391222 0.2160678642714571 0.18612774451097805 0.01846307385229541
156 0.5148731408573928 0.03980752405949257 0.018810148731408575 0.126421697287839 0.016185476815398076 0.016185476815398076 0.08705161854768154 0.021434820647419077 0.06867891513560805 0.013560804899387578 0.021434820647419077 0.05555555555555556
157 0.05115511551155116 0.4075907590759076 0.05115511551155116 0.06105610561056106 0.05115511551155116 0.041254125412541254 0.041254125412541254 0.07095709570957096 0.05115511551155116 0.06105610561056106 0.05115511551155116 0.06105610561056106
159 0.0744047619047619 0.0744047619047619 0.0744047619047619 0.0744047619047619 0.16369047619047622 0.0744047619047619 0.09226190476190477 0.0744047619047619 0.0744047619047619 0.0744047619047619 0.0744047619047619 0.0744047619047619
160 0.007455507455507456 0.2138047138047138 0.010341510341510343 0.09547859547859548 0.011784511784511786 0.21669071669071668 0.04641654641654641 0.2570947570947571 0.006012506012506013 0.06373256373256372 0.057960557960557955 0.013227513227513229
161 0.05617283950617284 0.0154320987654321 0.3228395061728395 0.019135802469135803 0.019135802469135803 0.019135802469135803 0.0154320987654321 0.0154320987654321 0.46728395061728395 0.0154320987654321 0.0154320987654321 0.019135802469135803
162 0.013247073321010475 0.052064078866296985 0.007701786814540974 0.04282193468884782 0.01139864448552064 0.07239679605668514 0.07054836722119531 0.13894023413431916 0.01509550215650031 0.3589032655576094 0.20363524337646335 0.013247073321010475
8357 0.08201058201058202 0.08201058201058202 0.09788359788359789 0.08201058201058202 0.06613756613756615 0.06613756613756615 0.06613756613756615 0.08201058201058202 0.08201058201058202 0.09788359788359789 0.06613756613756615 0.12962962962962965
8358 0.3862828713574982 0.034470504619758355 0.05152807391613362 0.07711442786069651 0.02380952380952381 0.019545131485429995 0.045131485429992894 0.03233830845771145 0.03233830845771145 0.0749822316986496 0.019545131485429995 0.20291400142146412
167 0.008019072388383182 0.044429995665366276 0.006718682271348072 0.33571738188123107 0.014521022973558735 0.048331166016471604 0.05483311660164716 0.14976159514521023 0.026224534026874732 0.21868227134807108 0.08084091894234936 0.011920242739488515
168 0.0350140056022409 0.04341736694677872 0.06022408963585434 0.05182072829131653 0.2030812324929972 0.11904761904761905 0.22829131652661067 0.0350140056022409 0.0350140056022409 0.0350140056022409 0.0350140056022409 0.11904761904761905
169 0.05787037037037038 0.05787037037037038 0.05787037037037038 0.05787037037037038 0.23842592592592593 0.08564814814814815 0.07175925925925926 0.09953703703703703 0.05787037037037038 0.05787037037037038 0.09953703703703703 0.05787037037037038
8363 0.04084967320261438 0.44281045751633985 0.04084967320261438 0.06045751633986928 0.05065359477124183 0.04084967320261438 0.05065359477124183 0.07026143790849673 0.04084967320261438 0.06045751633986928 0.06045751633986928 0.04084967320261438
8368 0.01979742173112339 0.02808471454880295 0.01427255985267035 0.01427255985267035 0.025322283609576432 0.0639963167587477 0.022559852670349913 0.6662062615101288 0.047421731123388586 0.03084714548802947 0.050184162062615105 0.01703499079189687
181 0.03147574819401445 0.05933952528379773 0.30082559339525283 0.028379772961816308 0.03457172342621259 0.012899896800825594 0.015995872033023738 0.062435500515995876 0.3937048503611971 0.015995872033023738 0.025283797729618168 0.019091847265221878
8375 0.4749798224374495 0.0221953188054883 0.048829701372074256 0.01977401129943503 0.014931396287328492 0.010088781275221954 0.010088781275221954 0.010088781275221954 0.3224374495560936 0.012510088781275222 0.012510088781275222 0.04156577885391445
184 0.04084967320261438 0.04084967320261438 0.05065359477124183 0.16830065359477125 0.2761437908496732 0.04084967320261438 0.05065359477124183 0.04084967320261438 0.05065359477124183 0.07026143790849673 0.08986928104575165 0.08006535947712419
8378 0.034722222222222224 0.059722222222222225 0.034722222222222224 0.043055555555555555 0.0763888888888889 0.043055555555555555 0.2013888888888889 0.059722222222222225 0.08472222222222223 0.2513888888888889 0.051388888888888894 0.059722222222222225
187 0.012187088274044796 0.1920289855072464 0.008234519104084322 0.1445981554677207 0.018115942028985508 0.014163372859025034 0.2750329380764163 0.1663372859025033 0.03392621870882741 0.07345191040843214 0.018115942028985508 0.04380764163372859
8380 0.10794183445190156 0.05425055928411634 0.47035794183445184 0.04753914988814318 0.04082774049217003 0.02404921700223714 0.013982102908277406 0.027404921700223718 0.12136465324384786 0.017337807606263984 0.027404921700223718 0.04753914988814318
189 0.022861356932153392 0.022861356932153392 0.022861356932153392 0.049410029498525077 0.022861356932153392 0.02728613569321534 0.6025073746312684 0.11135693215339233 0.022861356932153392 0.04056047197640118 0.02728613569321534 0.02728613569321534
190 0.3676160337552743 0.02267932489451477 0.06381856540084388 0.09862869198312237 0.07647679324894516 0.013185654008438819 0.025843881856540088 0.025843881856540088 0.15242616033755274 0.06381856540084388 0.04166666666666667 0.0479957805907173
8385 0.08012820512820513 0.08012820512820513 0.08012820512820513 0.08012820512820513 0.08012820512820513 0.08012820512820513 0.08012820512820513 0.08012820512820513 0.08012820512820513 0.08012820512820513 0.08012820512820513 0.1185897435897436
200 0.08447488584474887 0.09817351598173517 0.05707762557077626 0.05707762557077626 0.05707762557077626 0.05707762557077626 0.05707762557077626 0.05707762557077626 0.07077625570776257 0.09817351598173517 0.16666666666666669 0.13926940639269408
204 0.01716500553709856 0.030454042081949063 0.013842746400885937 0.15337763012181616 0.033776301218161685 0.07364341085271318 0.05038759689922481 0.0769656699889258 0.020487264673311186 0.06367663344407531 0.4357696566998892 0.030454042081949063
205 0.09393939393939395 0.1303030303030303 0.07575757575757576 0.07575757575757576 0.07575757575757576 0.09393939393939395 0.07575757575757576 0.07575757575757576 0.07575757575757576 0.07575757575757576 0.07575757575757576 0.07575757575757576
207 0.02189265536723164 0.02612994350282486 0.02189265536723164 0.03036723163841808 0.01765536723163842 0.3905367231638418 0.03036723163841808 0.3057909604519774 0.03460451977401131 0.043079096045197746 0.051553672316384185 0.02612994350282486
210 0.029365079365079365 0.05793650793650794 0.03412698412698413 0.019841269841269844 0.04841269841269842 0.05793650793650794 0.019841269841269844 0.019841269841269844 0.03412698412698413 0.038888888888888896 0.615079365079365 0.024603174603174606
8403 0.1484848484848485 0.07575757575757576 0.07575757575757576 0.07575757575757576 0.07575757575757576 0.07575757575757576 0.07575757575757576 0.07575757575757576 0.09393939393939395 0.07575757575757576 0.07575757575757576 0.07575757575757576
8404 0.020152505446623094 0.023420479302832246 0.5136165577342048 0.03649237472766885 0.013616557734204794 0.020152505446623094 0.013616557734204794 0.016884531590413945 0.2619825708061002 0.020152505446623094 0.013616557734204794 0.0462962962962963
8407 0.10533333333333335 0.04933333333333333 0.08133333333333334 0.11333333333333334 0.08133333333333334 0.08933333333333335 0.05733333333333333 0.06533333333333334 0.10533333333333335 0.08133333333333334 0.08933333333333335 0.08133333333333334
216 0.5049751243781094 0.018407960199004977 0.03631840796019901 0.09601990049751243 0.027363184079601994 0.015422885572139304 0.015422885572139304 0.030348258706467665 0.19452736318407962 0.012437810945273632 0.024378109452736323 0.024378109452736323
8410 0.08506944444444446 0.07465277777777778 0.3975694444444444 0.05381944444444445 0.04340277777777778 0.04340277777777778 0.04340277777777778 0.05381944444444445 0.04340277777777778 0.05381944444444445 0.06423611111111112 0.04340277777777778
8411 0.026967285587975245 0.03227232537577365 0.43280282935455344 0.0614500442086649 0.013704686118479222 0.016357206012378427 0.01900972590627763 0.042882404951370474 0.28160919540229884 0.016357206012378427 0.026967285587975245 0.02961980548187445
220 0.2792620865139949 0.019720101781170486 0.034987277353689575 0.15712468193384224 0.019720101781170486 0.023536895674300257 0.023536895674300257 0.07315521628498728 0.24872773536895676 0.0311704834605598 0.027353689567430027 0.06170483460559797
8413 0.22730534625044851 0.021707929673484033 0.03785432364549695 0.015249372084678867 0.0087908144958737 0.01632579834947973 0.009867240760674561 0.2585217079296735 0.07768209544312882 0.01632579834947973 0.015249372084678867 0.2951202009329028
8418 0.02246376811594203 0.02246376811594203 0.02246376811594203 0.026811594202898553 0.04855072463768116 0.2702898550724638 0.0355072463768116 0.13115942028985508 0.018115942028985508 0.026811594202898553 0.20942028985507247 0.16594202898550722
8421 0.0771604938271605 0.11419753086419754 0.0771604938271605 0.09567901234567902 0.09567901234567902 0.0771604938271605 0.0771604938271605 0.0771604938271605 0.0771604938271605 0.0771604938271605 0.0771604938271605 0.0771604938271605
8423 0.020627062706270627 0.0651815181518152 0.03052805280528053 0.08993399339933994 0.3325082508250825 0.03547854785478548 0.10478547854785479 0.06023102310231024 0.020627062706270627 0.10973597359735975 0.09983498349834984 0.03052805280528053
8424 0.04084967320261438 0.06045751633986928 0.04084967320261438 0.09967320261437909 0.08006535947712419 0.06045751633986928 0.08006535947712419 0.09967320261437909 0.05065359477124183 0.2957516339869281 0.05065359477124183 0.04084967320261438
234 0.06830601092896176 0.11748633879781421 0.06830601092896176 0.06830601092896176 0.10109289617486339 0.10109289617486339 0.06830601092896176 0.06830601092896176 0.06830601092896176 0.06830601092896176 0.10109289617486339 0.10109289617486339
8429 0.06928838951310862 0.04681647940074907 0.04681647940074907 0.04681647940074907 0.05805243445692884 0.10299625468164796 0.28277153558052437 0.08052434456928839 0.04681647940074907 0.1254681647940075 0.04681647940074907 0.04681647940074907
8431 0.09870550161812298 0.05016181229773463 0.32200647249190933 0.06957928802588997 0.05016181229773463 0.05016181229773463 0.04045307443365696 0.04045307443365696 0.11812297734627833 0.05016181229773463 0.0598705501618123 0.05016181229773463
8432 0.05411255411255412 0.05411255411255412 0.0670995670995671 0.13203463203463206 0.0800865800865801 0.0670995670995671 0.13203463203463206 0.0670995670995671 0.0670995670995671 0.11904761904761907 0.10606060606060608 0.05411255411255412
241 0.2576291079812207 0.01467136150234742 0.06044600938967137 0.06044600938967137 0.02523474178403756 0.0181924882629108 0.02523474178403756 0.028755868544600945 0.4160798122065728 0.0181924882629108 0.0181924882629108 0.056924882629107984
242 0.019561815336463225 0.043035993740219096 0.019561815336463225 0.033646322378716745 0.024256651017214397 0.043035993740219096 0.2918622848200313 0.019561815336463225 0.024256651017214397 0.390453834115806 0.06181533646322379 0.028951486697965573
244 0.012390087929656275 0.12509992006394882 0.019584332533972824 0.04836131095123901 0.038768984812150284 0.02198241406874501 0.04596322941646683 0.06274980015987211 0.019584332533972824 0.28816946442845726 0.30495603517186254 0.012390087929656275
245 0.6547116736990154 0.01758087201125176 0.03867791842475387 0.01758087201125176 0.01758087201125176 0.01758087201125176 0.02180028129395218 0.02180028129395218 0.12728551336146274 0.01758087201125176 0.026019690576652602 0.02180028129395218
8439 0.06540084388185655 0.10337552742616035 0.21729957805907174 0.07805907172995781 0.12869198312236288 0.052742616033755275 0.052742616033755275 0.052742616033755275 0.052742616033755275 0.052742616033755275 0.06540084388185655 0.07805907172995781
8440 0.020352035203520354 0.023652365236523653 0.026952695269526955 0.06325632563256325 0.10286028602860287 0.05665566556655666 0.026952695269526955 0.05665566556655666 0.017051705170517052 0.020352035203520354 0.5682068206820682 0.017051705170517052
252 0.07575757575757576 0.09393939393939395 0.11212121212121212 0.09393939393939395 0.09393939393939395 0.07575757575757576 0.07575757575757576 0.07575757575757576 0.07575757575757576 0.07575757575757576 0.07575757575757576 0.07575757575757576
8445 0.24940898345153661 0.03664302600472814 0.04373522458628842 0.24940898345153661 0.03664302600472814 0.050827423167848704 0.03664302600472814 0.04373522458628842 0.07210401891252956 0.02955082742316785 0.04373522458628842 0.10756501182033097
254 0.0744047619047619 0.09226190476190477 0.09226190476190477 0.0744047619047619 0.11011904761904763 0.0744047619047619 0.0744047619047619 0.0744047619047619 0.0744047619047619 0.09226190476190477 0.0744047619047619 0.09226190476190477
255 0.019702842377260985 0.01388888888888889 0.37629198966408267 0.08171834625322998 0.008074935400516797 0.01388888888888889 0.01388888888888889 0.04489664082687339 0.3530361757105943 0.017764857881136954 0.010012919896640828 0.04683462532299742
256 0.0048058439061899275 0.008266051518646674 0.00595924644367551 0.014033064206074588 0.008266051518646674 0.041714725105728566 0.016339869281045753 0.8317954632833525 0.008266051518646674 0.012879661668589006 0.02787389465590158 0.0198000768935025
257 0.03127917833800187 0.08450046685340803 0.01727357609710551 0.11251167133520074 0.01727357609710551 0.025676937441643326 0.49346405228758167 0.03408029878618114 0.053688141923436045 0.050887021475256776 0.05929038281979459 0.020074696545284782
259 0.021258503401360547 0.036564625850340135 0.026360544217687076 0.19472789115646258 0.04166666666666667 0.031462585034013606 0.06717687074829932 0.04166666666666667 0.026360544217687076 0.39880952380952384 0.08758503401360544 0.026360544217687076
260 0.06944444444444445 0.10277777777777779 0.06944444444444445 0.08611111111111111 0.10277777777777779 0.06944444444444445 0.06944444444444445 0.11944444444444445 0.06944444444444445 0.10277777777777779 0.06944444444444445 0.06944444444444445
8454 0.010738831615120275 0.12156357388316151 0.02104810996563574 0.11898625429553264 0.02104810996563574 0.03651202749140894 0.4256872852233677 0.05713058419243987 0.023625429553264608 0.06486254295532647 0.08290378006872852 0.015893470790378006
8455 0.0357981220657277 0.02171361502347418 0.3914319248826291 0.10974178403755869 0.0181924882629108 0.01467136150234742 0.028755868544600945 0.05340375586854461 0.25058685446009393 0.028755868544600945 0.03227699530516432 0.01467136150234742
8456 0.029523809523809525 0.03523809523809524 0.029523809523809525 0.03523809523809524 0.046666666666666676 0.5266666666666667 0.029523809523809525 0.02380952380952381 0.02380952380952381 0.029523809523809525 0.16666666666666669 0.02380952380952381
267 0.021561771561771564 0.47960372960372954 0.01456876456876457 0.0844988344988345 0.02855477855477856 0.02505827505827506 0.021561771561771564 0.02505827505827506 0.01456876456876457 0.042540792540792544 0.1998834498834499 0.042540792540792544
8461 0.08114035087719298 0.054824561403508776 0.17324561403508773 0.10745614035087721 0.08114035087719298 0.06798245614035088 0.06798245614035088 0.054824561403508776 0.06798245614035088 0.12061403508771931 0.054824561403508776 0.06798245614035088
8465 0.019729093050647822 0.023262661955241463 0.3783863368669022 0.1504711425206125 0.014428739693757364 0.016195524146054182 0.02502944640753828 0.014428739693757364 0.2352767962308598 0.03739693757361602 0.009128386336866903 0.07626619552414605
274 0.030413625304136254 0.030413625304136254 0.030413625304136254 0.030413625304136254 0.037712895377128956 0.38077858880778587 0.030413625304136254 0.09610705596107057 0.045012165450121655 0.045012165450121655 0.037712895377128956 0.20559610705596107
9603 0.3739164696611505 0.024034672970843187 0.03821907013396375 0.061859732072498036 0.009850275807722617 0.035855003940110326 0.028762805358550043 0.04058313632781718 0.18006304176516943 0.012214342001576044 0.028762805358550043 0.16587864460204887
8469 0.020938023450586266 0.7345058626465661 0.020938023450586266 0.020938023450586266 0.03098827470686767 0.02596314907872697 0.020938023450586266 0.020938023450586266 0.020938023450586266 0.03098827470686767 0.03098827470686767 0.020938023450586266
278 0.03127147766323024 0.012714776632302405 0.5343642611683849 0.08900343642611683 0.016838487972508594 0.02714776632302406 0.016838487972508594 0.02096219931271478 0.1859106529209622 0.02714776632302406 0.010652920962199313 0.02714776632302406
279 0.03044871794871795 0.012591575091575094 0.2941849816849817 0.13484432234432234 0.009844322344322344 0.018086080586080588 0.01121794871794872 0.029075091575091576 0.3573717948717949 0.012591575091575094 0.020833333333333336 0.0689102564102564
281 0.026967285587975245 0.021662245800176838 0.4725906277630415 0.07736516357206012 0.021662245800176838 0.013704686118479222 0.016357206012378427 0.024314765694076042 0.2603890362511052 0.01900972590627763 0.011052166224580018 0.034924845269672856
8476 0.3188034188034188 0.0264957264957265 0.03675213675213675 0.19572649572649573 0.03162393162393162 0.041880341880341884 0.047008547008547015 0.07264957264957266 0.08290598290598292 0.03675213675213675 0.03675213675213675 0.07264957264957266
1646 0.12630208333333334 0.055989583333333336 0.055989583333333336 0.10286458333333334 0.06380208333333334 0.040364583333333336 0.048177083333333336 0.048177083333333336 0.032552083333333336 0.07161458333333334 0.09505208333333334 0.2591145833333333
288 0.1940639269406393 0.08447488584474887 0.08447488584474887 0.11187214611872148 0.08447488584474887 0.05707762557077626 0.05707762557077626 0.05707762557077626 0.05707762557077626 0.08447488584474887 0.05707762557077626 0.07077625570776257
8481 0.038804071246819345 0.019720101781170486 0.3517811704834606 0.1456743002544529 0.027353689567430027 0.05407124681933843 0.015903307888040712 0.07315521628498728 0.1494910941475827 0.042620865139949116 0.038804071246819345 0.042620865139949116
8482 0.05341880341880342 0.18162393162393164 0.09188034188034189 0.06623931623931624 0.06623931623931624 0.05341880341880342 0.06623931623931624 0.05341880341880342 0.05341880341880342 0.155982905982906 0.05341880341880342 0.10470085470085472
8484 0.04528985507246377 0.04528985507246377 0.04528985507246377 0.04528985507246377 0.04528985507246377 0.04528985507246377 0.05615942028985508 0.04528985507246377 0.04528985507246377 0.4909420289855072 0.04528985507246377 0.04528985507246377
9606 0.04578754578754579 0.06776556776556777 0.04578754578754579 0.16666666666666669 0.07875457875457875 0.11172161172161174 0.08974358974358976 0.10073260073260075 0.06776556776556777 0.07875457875457875 0.08974358974358976 0.05677655677655678
8486 0.34711779448621555 0.03884711779448622 0.04636591478696742 0.03132832080200502 0.03884711779448622 0.03132832080200502 0.03884711779448622 0.061403508771929835 0.1967418546365915 0.04636591478696742 0.04636591478696742 0.07644110275689224
8487 0.032552083333333336 0.3606770833333333 0.032552083333333336 0.040364583333333336 0.048177083333333336 0.13411458333333334 0.055989583333333336 0.07161458333333334 0.032552083333333336 0.040364583333333336 0.11848958333333334 0.032552083333333336
8490 0.01935081148564295 0.5212234706616728 0.01935081148564295 0.15418227215980024 0.01935081148564295 0.034332084893882654 0.0717852684144819 0.05305867665418228 0.023096129837702872 0.026841448189762796 0.026841448189762796 0.030586766541822727
